BOLSIG+ version: 07/2024
Collision input data:
--------------------------------------------------
Cu                                                              
cu_siglo_bolsig_clean.txt



C1 Input cross section
ELASTIC
Cu                                                              
  0.863000E-05
--------------------------------
0.256400E-01	0.852640E-18
0.525800E-01	0.112764E-17
0.789600E-01	0.157921E-17
0.106200	0.223784E-17
0.133030	0.288092E-17
0.164120	0.340358E-17
0.191470	0.391415E-17
0.211590	0.425800E-17
0.250210	0.425800E-17
0.272320	0.420102E-17
0.296390	0.397393E-17
0.322580	0.365302E-17
0.439050	0.279962E-17
0.549980	0.211687E-17
0.651480	0.174124E-17
0.770410	0.147137E-17
0.862990	0.124543E-17
0.978220	0.108297E-17
1.06467	0.927541E-18
1.19261	0.817489E-18
1.29801	0.752741E-18
1.41033	0.644705E-18
1.49393	0.592644E-18
1.62320	0.537496E-18
1.76665	0.487480E-18
2.06453	0.389661E-18
2.58176	0.294634E-18
3.67209	0.125667E-18
4.66260	0.282488E-18
5.03597	0.225766E-18
5.73846	0.455551E-18
6.09609	0.590665E-18
6.67476	0.665535E-18
7.22925	0.747267E-18
7.91548	0.793214E-18
8.92203	0.839036E-18
9.86390	0.839036E-18
11.3629	0.793214E-18
12.4264	0.726575E-18
15.3547	0.644839E-18
19.5317	0.497332E-18
24.8450	0.405725E-18
31.6037	0.360083E-18
38.2566	0.293757E-18
50.7059	0.261627E-18
63.8787	0.225766E-18
85.3856	0.184181E-18
103.360	0.174122E-18
172.585	0.102848E-18
252.590	0.703981E-19
341.326	0.511495E-19
452.400	0.393108E-19
563.760	0.311819E-19
696.610	0.254383E-19
859.726	0.195505E-19
1000.00	0.174122E-19
1258.93	0.138310E-19
1584.89	0.109864E-19
1995.26	0.872677E-20
2511.89	0.693192E-20
3162.28	0.550622E-20
3981.07	0.437375E-20
5011.87	0.347419E-20
6309.57	0.275965E-20
7943.28	0.219207E-20
10000.0	0.174122E-20
12589.3	0.138310E-20
15848.9	0.109864E-20
19952.6	0.872677E-21
25118.9	0.693192E-21
31622.8	0.550622E-21
39810.7	0.437375E-21
50118.7	0.347419E-21
63095.7	0.275965E-21
79432.8	0.219207E-21
100000.	0.174122E-21
125893.	0.138310E-21
158489.	0.109864E-21
199526.	0.872677E-22
251189.	0.693192E-22
316228.	0.550622E-22
398107.	0.437375E-22
501187.	0.347419E-22
630957.	0.275965E-22
794328.	0.219207E-22
--------------------------------


C2 Input cross section
EXCITATION
Cu                                                              
   1.50000       1.00000    
--------------------------------
1.50000	0.100000E-43
2.02124	0.747267E-21
3.69086	0.350112E-20
5.24097	0.862930E-20
7.60586	0.207526E-19
9.19585	0.277714E-19
10.3778	0.293757E-19
12.1883	0.246472E-19
16.6303	0.146095E-19
22.0421	0.862930E-20
35.3222	0.429163E-20
49.1961	0.239648E-20
62.5791	0.168707E-20
185.123	0.644839E-22
717.989	0.102848E-23
1000.00	0.380672E-24
1258.93	0.190788E-24
1584.89	0.956205E-25
1995.26	0.479238E-25
2511.89	0.240188E-25
3162.28	0.120379E-25
3981.07	0.603325E-26
5011.87	0.302379E-26
6309.57	0.151548E-26
7943.28	0.759541E-27
10000.0	0.380672E-27
12589.3	0.190788E-27
15848.9	0.956205E-28
19952.6	0.479238E-28
25118.9	0.240188E-28
31622.8	0.120379E-28
39810.7	0.603325E-29
50118.7	0.302379E-29
63095.7	0.151548E-29
79432.8	0.759541E-30
100000.	0.380672E-30
125893.	0.190788E-30
158489.	0.956205E-31
199526.	0.479238E-31
251189.	0.240188E-31
316228.	0.120379E-31
398107.	0.603325E-32
501187.	0.302379E-32
630957.	0.151548E-32
794328.	0.759541E-33
--------------------------------


C3 Input cross section
EXCITATION
Cu                                                              
   1.50000       1.00000    
--------------------------------
1.50000	0.100000E-43
2.07863	0.487968E-21
2.29774	0.653391E-21
2.75396	0.107288E-20
3.26510	0.171280E-20
4.11200	0.298573E-20
5.66259	0.760965E-20
7.06281	0.136436E-19
8.89477	0.199479E-19
9.92782	0.224030E-19
11.3106	0.205172E-19
13.6880	0.167311E-19
17.9392	0.104801E-19
27.0780	0.568306E-20
37.2888	0.307094E-20
49.8833	0.198546E-20
62.2182	0.110738E-20
72.2671	0.903031E-21
111.211	0.434494E-21
181.790	0.165749E-21
434.685	0.362721E-22
979.683	0.771746E-23
1000.00	0.740701E-23
1258.93	0.467351E-23
1584.89	0.294878E-23
1995.26	0.186056E-23
2511.89	0.117393E-23
3162.28	0.740701E-24
3981.07	0.467351E-24
5011.87	0.294878E-24
6309.57	0.186056E-24
7943.28	0.117393E-24
10000.0	0.740701E-25
12589.3	0.467351E-25
15848.9	0.294878E-25
19952.6	0.186056E-25
25118.9	0.117393E-25
31622.8	0.740701E-26
39810.7	0.467351E-26
50118.7	0.294878E-26
63095.7	0.186056E-26
79432.8	0.117393E-26
100000.	0.740701E-27
125893.	0.467351E-27
158489.	0.294878E-27
199526.	0.186056E-27
251189.	0.117393E-27
316228.	0.740701E-28
398107.	0.467351E-28
501187.	0.294878E-28
630957.	0.186056E-28
794328.	0.117393E-28
--------------------------------


C4 Input cross section
EXCITATION
Cu                                                              
   3.80000       1.00000    
--------------------------------
3.80000	0.100000E-43
4.03633	0.146095E-19
4.64970	0.360083E-19
5.40182	0.768548E-19
6.34425	0.146095E-18
7.29952	0.261627E-18
8.83615	0.405725E-18
10.6963	0.497332E-18
12.5624	0.511495E-18
15.6547	0.511495E-18
19.7216	0.511495E-18
24.6058	0.429163E-18
31.2994	0.405725E-18
35.3222	0.350112E-18
45.3678	0.311819E-18
56.0588	0.233012E-18
69.8578	0.154534E-18
90.7069	0.972310E-19
117.778	0.590665E-19
156.106	0.311819E-19
296.658	0.839036E-20
979.655	0.790434E-21
1000.00	0.758591E-21
1258.93	0.478638E-21
1584.89	0.302000E-21
1995.26	0.190549E-21
2511.89	0.120229E-21
3162.28	0.758591E-22
3981.07	0.478638E-22
5011.87	0.302000E-22
6309.57	0.190549E-22
7943.28	0.120229E-22
10000.0	0.758591E-23
12589.3	0.478638E-23
15848.9	0.302000E-23
19952.6	0.190549E-23
25118.9	0.120229E-23
31622.8	0.758591E-24
39810.7	0.478638E-24
50118.7	0.302000E-24
63095.7	0.190549E-24
79432.8	0.120229E-24
100000.	0.758591E-25
125893.	0.478638E-25
158489.	0.302000E-25
199526.	0.190549E-25
251189.	0.120229E-25
316228.	0.758591E-26
398107.	0.478638E-26
501187.	0.302000E-26
630957.	0.190549E-26
794328.	0.120229E-26
--------------------------------


C5 Input cross section
EXCITATION
Cu                                                              
   5.10000       1.00000    
--------------------------------
5.10000	0.100000E-43
6.08070	0.501305E-22
6.91931	0.730371E-22
8.04657	0.981417E-22
9.16736	0.116601E-21
11.2019	0.127317E-21
13.2810	0.127317E-21
16.4058	0.127317E-21
19.6395	0.127317E-21
24.4959	0.120351E-21
31.4514	0.103823E-21
39.6093	0.950837E-22
49.8833	0.823149E-22
76.7644	0.632290E-22
150.216	0.420462E-22
263.364	0.278619E-22
352.316	0.220900E-22
505.502	0.185277E-22
649.823	0.134530E-22
809.530	0.119787E-22
1000.00	0.100470E-22
1258.93	0.870034E-23
1584.89	0.753419E-23
1995.26	0.652434E-23
2511.89	0.564984E-23
3162.28	0.489256E-23
3981.07	0.423678E-23
5011.87	0.366890E-23
6309.57	0.317714E-23
7943.28	0.275129E-23
10000.0	0.238252E-23
12589.3	0.206318E-23
15848.9	0.178664E-23
19952.6	0.154716E-23
25118.9	0.133979E-23
31622.8	0.116021E-23
39810.7	0.100470E-23
50118.7	0.870034E-24
63095.7	0.753419E-24
79432.8	0.652434E-24
100000.	0.564984E-24
125893.	0.489256E-24
158489.	0.423678E-24
199526.	0.366890E-24
251189.	0.317714E-24
316228.	0.564984E-24
398107.	0.503543E-24
501187.	0.448783E-24
630957.	0.399978E-24
794328.	0.356481E-24
--------------------------------


C6 Input cross section
IONIZATION
Cu                                                              
   7.72400    
--------------------------------
7.72400	0.100000E-43
8.15840	0.726575E-20
9.10733	0.972310E-20
10.4786	0.130116E-19
12.1883	0.164036E-19
15.6547	0.225766E-19
20.3268	0.277714E-19
26.6499	0.320699E-19
35.3222	0.320699E-19
42.7580	0.311819E-19
53.2830	0.285623E-19
61.3059	0.277714E-19
71.3086	0.293757E-19
83.7496	0.285623E-19
104.365	0.269078E-19
130.212	0.246472E-19
160.702	0.225766E-19
221.668	0.201073E-19
285.054	0.174122E-19
341.326	0.154534E-19
443.196	0.137632E-19
563.760	0.119184E-19
642.402	0.112281E-19
1000.00	0.665535E-20
1333.52	0.519876E-20
1778.28	0.405446E-20
2371.37	0.315735E-20
3162.28	0.245537E-20
4216.97	0.190703E-20
5623.41	0.147938E-20
7498.94	0.114636E-20
10000.0	0.887380E-21
13335.2	0.686236E-21
17782.8	0.530199E-21
23713.7	0.409287E-21
31622.8	0.315691E-21
42169.7	0.243311E-21
56234.1	0.187389E-21
74989.4	0.144220E-21
100000.	0.110923E-21
133352.	0.852597E-22
177828.	0.654951E-22
237137.	0.502838E-22
316228.	0.385844E-22
421697.	0.295919E-22
562341.	0.226839E-22
749894.	0.173803E-22
0.100000E+07	0.133107E-22
--------------------------------


Angular frequency / N (m3.rad/s)           0.00000    
Cosine of E-B field angle                  0.00000    
Gas temperature (K)                        300.000    
Excitation temperature (K)                 300.000    
Transition energy (eV)                     0.00000    
Ionization degree                          0.00000    
Gas particle density (1/m3)               0.100000E+17
Ion charge parameter                       1.00000    
Ion/neutral mass ratio                     1.00000    
Coulomb collision model                    0.00000    
Energy sharing                             1.00000    
Growth model                               1.00000    
Maxwellian mean energy (eV)                0.00000    
# of grid points                           400.000    
Precision                                 0.100000E-09
Convergence                               0.100000E-03
Maximum # of iterations                    2000.00    
Mole fraction Cu                           1.00000    


E/N (Td)      	Electric field / N (Td)                                         
0.100000	0.100000
0.115478	0.115478
0.133352	0.133352
0.153993	0.153993
0.177828	0.177828
0.205353	0.205353
0.237137	0.237137
0.273842	0.273842
0.316228	0.316228
0.365174	0.365174
0.421697	0.421697
0.486968	0.486968
0.562341	0.562341
0.649382	0.649382
0.749894	0.749894
0.865964	0.865964
1.00000	1.00000
1.15478	1.15478
1.33352	1.33352
1.53993	1.53993
1.77828	1.77828
2.05352	2.05352
2.37137	2.37137
2.73842	2.73842
3.16228	3.16228
3.65174	3.65174
4.21696	4.21696
4.86968	4.86968
5.62341	5.62341
6.49382	6.49382
7.49894	7.49894
8.65964	8.65964
10.0000	10.0000
11.5478	11.5478
13.3352	13.3352
15.3993	15.3993
17.7828	17.7828
20.5353	20.5353
23.7137	23.7137
27.3842	27.3842
31.6228	31.6228
36.5174	36.5174
42.1696	42.1696
48.6968	48.6968
56.2341	56.2341
64.9382	64.9382
74.9894	74.9894
86.5964	86.5964
100.000	100.000
115.478	115.478
133.352	133.352
153.993	153.993
177.828	177.828
205.353	205.353
237.137	237.137
273.842	273.842
316.228	316.228
365.174	365.174
421.697	421.697
486.968	486.968
562.341	562.341
649.382	649.382
749.894	749.894
865.965	865.965
1000.00	1000.00
1154.78	1154.78
1333.52	1333.52
1539.93	1539.93
1778.28	1778.28
2053.53	2053.53
2371.37	2371.37
2738.42	2738.42
3162.28	3162.28
3651.74	3651.74
4216.97	4216.97
4869.68	4869.68
5623.41	5623.41
6493.81	6493.81
7498.94	7498.94
8659.64	8659.64
10000.0	10000.0


E/N (Td)      	Grid type                                                       
0.100000	0.00000
0.115478	3.00000
0.133352	3.00000
0.153993	3.00000
0.177828	3.00000
0.205353	3.00000
0.237137	3.00000
0.273842	3.00000
0.316228	3.00000
0.365174	3.00000
0.421697	3.00000
0.486968	3.00000
0.562341	3.00000
0.649382	3.00000
0.749894	3.00000
0.865964	3.00000
1.00000	3.00000
1.15478	3.00000
1.33352	3.00000
1.53993	3.00000
1.77828	3.00000
2.05352	3.00000
2.37137	3.00000
2.73842	3.00000
3.16228	3.00000
3.65174	3.00000
4.21696	3.00000
4.86968	3.00000
5.62341	3.00000
6.49382	3.00000
7.49894	3.00000
8.65964	3.00000
10.0000	3.00000
11.5478	3.00000
13.3352	3.00000
15.3993	3.00000
17.7828	3.00000
20.5353	3.00000
23.7137	3.00000
27.3842	3.00000
31.6228	3.00000
36.5174	3.00000
42.1696	3.00000
48.6968	3.00000
56.2341	3.00000
64.9382	3.00000
74.9894	3.00000
86.5964	3.00000
100.000	3.00000
115.478	3.00000
133.352	3.00000
153.993	3.00000
177.828	3.00000
205.353	3.00000
237.137	3.00000
273.842	3.00000
316.228	3.00000
365.174	3.00000
421.697	3.00000
486.968	3.00000
562.341	3.00000
649.382	3.00000
749.894	3.00000
865.965	3.00000
1000.00	3.00000
1154.78	3.00000
1333.52	3.00000
1539.93	3.00000
1778.28	3.00000
2053.53	3.00000
2371.37	3.00000
2738.42	3.00000
3162.28	3.00000
3651.74	3.00000
4216.97	3.00000
4869.68	3.00000
5623.41	3.00000
6493.81	3.00000
7498.94	3.00000
8659.64	3.00000
10000.0	0.00000


E/N (Td)      	Maximum energy                                                  
0.100000	1000.00
0.115478	0.621116
0.133352	0.621116
0.153993	0.621116
0.177828	0.742544
0.205353	0.742544
0.237137	0.742544
0.273842	0.742544
0.316228	0.742544
0.365174	0.742544
0.421697	0.742544
0.486968	0.742544
0.562341	0.742544
0.649382	0.742544
0.749894	0.887712
0.865964	0.887712
1.00000	0.887712
1.15478	0.887712
1.33352	1.06126
1.53993	1.26874
1.77828	1.51677
2.05352	1.81323
2.37137	1.81323
2.73842	2.16631
3.16228	2.58684
3.65174	2.58684
4.21696	3.08769
4.86968	3.08769
5.62341	3.68422
6.49382	3.68422
7.49894	4.39470
8.65964	4.39470
10.0000	4.39470
11.5478	5.24090
13.3352	5.24090
15.3993	5.24090
17.7828	5.24090
20.5353	5.24090
23.7137	6.24873
27.3842	6.24873
31.6228	6.24873
36.5174	6.24873
42.1696	6.24873
48.6968	7.44907
56.2341	7.44907
64.9382	7.44907
74.9894	7.44907
86.5964	7.44907
100.000	7.44907
115.478	8.87871
133.352	8.87871
153.993	8.87871
177.828	8.87871
205.353	10.5814
237.137	10.5814
273.842	10.5814
316.228	10.5814
365.174	12.6094
421.697	12.6094
486.968	15.0248
562.341	15.0248
649.382	15.0248
749.894	17.9015
865.965	21.3277
1000.00	21.3277
1154.78	25.4085
1333.52	30.2687
1539.93	30.2687
1778.28	36.0573
2053.53	42.9516
2371.37	60.9427
2738.42	72.5906
3162.28	122.665
3651.74	207.266
4216.97	417.100
4869.68	704.712
5623.41	1418.07
6493.81	2853.49
7498.94	5741.88
8659.64	8145.01
10000.0	1000.00


E/N (Td)	Mean energy (eV)
0.100000	0.433269E-01
0.115478	0.444846E-01
0.133352	0.458508E-01
0.153993	0.474330E-01
0.177828	0.492313E-01
0.205353	0.512432E-01
0.237137	0.534634E-01
0.273842	0.558870E-01
0.316228	0.585109E-01
0.365174	0.613351E-01
0.421697	0.643635E-01
0.486968	0.676050E-01
0.562341	0.710739E-01
0.649382	0.747908E-01
0.749894	0.787852E-01
0.865964	0.830946E-01
1.00000	0.877678E-01
1.15478	0.928686E-01
1.33352	0.984802E-01
1.53993	0.104723
1.77828	0.111768
2.05352	0.119913
2.37137	0.129677
2.73842	0.142070
3.16228	0.159126
3.65174	0.184316
4.21696	0.221184
4.86968	0.269616
5.62341	0.324624
6.49382	0.380226
7.49894	0.433053
8.65964	0.482422
10.0000	0.529101
11.5478	0.574312
13.3352	0.619359
15.3993	0.665391
17.7828	0.713280
20.5353	0.763463
23.7137	0.815809
27.3842	0.869596
31.6228	0.923748
36.5174	0.977301
42.1696	1.02986
48.6968	1.08185
56.2341	1.13434
64.9382	1.18880
74.9894	1.24679
86.5964	1.30973
100.000	1.37890
115.478	1.45534
133.352	1.53992
153.993	1.63337
177.828	1.73623
205.353	1.84888
237.137	1.97143
273.842	2.10372
316.228	2.24523
365.174	2.39507
421.697	2.55200
486.968	2.71462
562.341	2.88153
649.382	3.05160
749.894	3.22420
865.965	3.39937
1000.00	3.57795
1154.78	3.76178
1333.52	3.95366
1539.93	4.15763
1778.28	4.37891
2053.53	4.62529
2371.37	4.90780
2738.42	5.24260
3162.28	5.65530
3651.74	6.18903
4216.97	6.92876
4869.68	8.07544
5623.41	10.2047
6493.81	14.9650
7498.94	25.2174
8659.64	43.0787
10000.0	70.3400


E/N (Td)	Mobility *N (1/m/V/s)
0.100000	0.100723E+25
0.115478	0.973596E+24
0.133352	0.935092E+24
0.153993	0.892199E+24
0.177828	0.845706E+24
0.205353	0.796639E+24
0.237137	0.746105E+24
0.273842	0.695186E+24
0.316228	0.644845E+24
0.365174	0.595878E+24
0.421697	0.548902E+24
0.486968	0.504359E+24
0.562341	0.462542E+24
0.649382	0.423602E+24
0.749894	0.387617E+24
0.865964	0.354552E+24
1.00000	0.324325E+24
1.15478	0.296817E+24
1.33352	0.271915E+24
1.53993	0.249523E+24
1.77828	0.229579E+24
2.05352	0.212084E+24
2.37137	0.197134E+24
2.73842	0.185012E+24
3.16228	0.176417E+24
3.65174	0.172666E+24
4.21696	0.175332E+24
4.86968	0.184710E+24
5.62341	0.198973E+24
6.49382	0.215460E+24
7.49894	0.232319E+24
8.65964	0.248788E+24
10.0000	0.264813E+24
11.5478	0.280629E+24
13.3352	0.296605E+24
15.3993	0.313108E+24
17.7828	0.330432E+24
20.5353	0.348710E+24
23.7137	0.367827E+24
27.3842	0.387350E+24
31.6228	0.406603E+24
36.5174	0.424845E+24
42.1696	0.441489E+24
48.6968	0.456256E+24
56.2341	0.469145E+24
64.9382	0.480322E+24
74.9894	0.489979E+24
86.5964	0.498230E+24
100.000	0.505046E+24
115.478	0.510285E+24
133.352	0.513657E+24
153.993	0.514785E+24
177.828	0.513253E+24
205.353	0.508626E+24
237.137	0.500547E+24
273.842	0.488768E+24
316.228	0.473207E+24
365.174	0.453995E+24
421.697	0.431494E+24
486.968	0.406248E+24
562.341	0.378994E+24
649.382	0.350556E+24
749.894	0.321756E+24
865.965	0.293346E+24
1000.00	0.265953E+24
1154.78	0.240073E+24
1333.52	0.216033E+24
1539.93	0.194018E+24
1778.28	0.174056E+24
2053.53	0.156158E+24
2371.37	0.140257E+24
2738.42	0.126239E+24
3162.28	0.113977E+24
3651.74	0.103332E+24
4216.97	0.942258E+23
4869.68	0.866713E+23
5623.41	0.809066E+23
6493.81	0.779551E+23
7498.94	0.796987E+23
8659.64	0.869175E+23
10000.0	0.990049E+23


E/N (Td)	Diffusion coefficient *N (1/m/s)
0.100000	0.310016E+23
0.115478	0.312767E+23
0.133352	0.315689E+23
0.153993	0.318682E+23
0.177828	0.321506E+23
0.205353	0.324038E+23
0.237137	0.326129E+23
0.273842	0.327659E+23
0.316228	0.328545E+23
0.365174	0.328742E+23
0.421697	0.328237E+23
0.486968	0.327043E+23
0.562341	0.325192E+23
0.649382	0.322706E+23
0.749894	0.319691E+23
0.865964	0.316187E+23
1.00000	0.312263E+23
1.15478	0.307999E+23
1.33352	0.303513E+23
1.53993	0.298888E+23
1.77828	0.294282E+23
2.05352	0.290044E+23
2.37137	0.286706E+23
2.73842	0.285611E+23
3.16228	0.290006E+23
3.65174	0.306811E+23
4.21696	0.345752E+23
4.86968	0.412276E+23
5.62341	0.501726E+23
6.49382	0.603958E+23
7.49894	0.711348E+23
8.65964	0.821144E+23
10.0000	0.934181E+23
11.5478	0.105308E+24
13.3352	0.118162E+24
15.3993	0.132404E+24
17.7828	0.148467E+24
20.5353	0.166716E+24
23.7137	0.187352E+24
27.3842	0.210304E+24
31.6228	0.235224E+24
36.5174	0.261596E+24
42.1696	0.288946E+24
48.6968	0.317035E+24
56.2341	0.345922E+24
64.9382	0.375913E+24
74.9894	0.407443E+24
86.5964	0.440956E+24
100.000	0.476811E+24
115.478	0.515264E+24
133.352	0.556380E+24
153.993	0.600050E+24
177.828	0.645963E+24
205.353	0.693610E+24
237.137	0.742265E+24
273.842	0.791001E+24
316.228	0.838705E+24
365.174	0.884188E+24
421.697	0.926209E+24
486.968	0.963531E+24
562.341	0.995175E+24
649.382	0.102048E+25
749.894	0.103882E+25
865.965	0.105033E+25
1000.00	0.105501E+25
1154.78	0.105351E+25
1333.52	0.104603E+25
1539.93	0.103348E+25
1778.28	0.101573E+25
2053.53	0.993176E+24
2371.37	0.967690E+24
2738.42	0.938796E+24
3162.28	0.908924E+24
3651.74	0.875934E+24
4216.97	0.844067E+24
4869.68	0.830053E+24
5623.41	0.867652E+24
6493.81	0.114426E+25
7498.94	0.201392E+25
8659.64	0.396826E+25
10000.0	0.755992E+25


E/N (Td)	Energy mobility *N (1/m/V/s)
0.100000	0.116783E+25
0.115478	0.113592E+25
0.133352	0.109922E+25
0.153993	0.105804E+25
0.177828	0.101293E+25
0.205353	0.964664E+24
0.237137	0.914132E+24
0.273842	0.862264E+24
0.316228	0.809957E+24
0.365174	0.758026E+24
0.421697	0.707178E+24
0.486968	0.657987E+24
0.562341	0.610901E+24
0.649382	0.566229E+24
0.749894	0.524204E+24
0.865964	0.484938E+24
1.00000	0.448495E+24
1.15478	0.414899E+24
1.33352	0.384197E+24
1.53993	0.356470E+24
1.77828	0.331872E+24
2.05352	0.310723E+24
2.37137	0.293659E+24
2.73842	0.282133E+24
3.16228	0.279523E+24
3.65174	0.291406E+24
4.21696	0.320996E+24
4.86968	0.362778E+24
5.62341	0.406769E+24
6.49382	0.446981E+24
7.49894	0.482400E+24
8.65964	0.514203E+24
10.0000	0.544023E+24
11.5478	0.573333E+24
13.3352	0.603445E+24
15.3993	0.635463E+24
17.7828	0.670225E+24
20.5353	0.708114E+24
23.7137	0.748809E+24
27.3842	0.791130E+24
31.6228	0.833143E+24
36.5174	0.872568E+24
42.1696	0.907328E+24
48.6968	0.935975E+24
56.2341	0.957795E+24
64.9382	0.972669E+24
74.9894	0.980807E+24
86.5964	0.982510E+24
100.000	0.977988E+24
115.478	0.967435E+24
133.352	0.950865E+24
153.993	0.928300E+24
177.828	0.899841E+24
205.353	0.865689E+24
237.137	0.826302E+24
273.842	0.782366E+24
316.228	0.734796E+24
365.174	0.684700E+24
421.697	0.633292E+24
486.968	0.581734E+24
562.341	0.531149E+24
649.382	0.482468E+24
749.894	0.436404E+24
865.965	0.393446E+24
1000.00	0.353873E+24
1154.78	0.317821E+24
1333.52	0.285275E+24
1539.93	0.256124E+24
1778.28	0.230156E+24
2053.53	0.207201E+24
2371.37	0.187059E+24
2738.42	0.169539E+24
3162.28	0.154481E+24
3651.74	0.141798E+24
4216.97	0.131671E+24
4869.68	0.125347E+24
5623.41	0.128380E+24
6493.81	0.154407E+24
7498.94	0.204633E+24
8659.64	0.259067E+24
10000.0	0.310891E+24


E/N (Td)	Energy diffusion coef. *N (1/m/s)
0.100000	0.337700E+23
0.115478	0.337755E+23
0.133352	0.337654E+23
0.153993	0.337314E+23
0.177828	0.336673E+23
0.205353	0.335648E+23
0.237137	0.334175E+23
0.273842	0.332205E+23
0.316228	0.329713E+23
0.365174	0.326691E+23
0.421697	0.323150E+23
0.486968	0.319118E+23
0.562341	0.314639E+23
0.649382	0.309746E+23
0.749894	0.304551E+23
0.865964	0.299112E+23
1.00000	0.293523E+23
1.15478	0.287900E+23
1.33352	0.282420E+23
1.53993	0.277337E+23
1.77828	0.273047E+23
2.05352	0.270384E+23
2.37137	0.271189E+23
2.73842	0.280474E+23
3.16228	0.311510E+23
3.65174	0.389598E+23
4.21696	0.535475E+23
4.86968	0.735341E+23
5.62341	0.952013E+23
6.49382	0.116064E+24
7.49894	0.135662E+24
8.65964	0.154575E+24
10.0000	0.173697E+24
11.5478	0.193968E+24
13.3352	0.216365E+24
15.3993	0.241898E+24
17.7828	0.271572E+24
20.5353	0.306255E+24
23.7137	0.346453E+24
27.3842	0.392094E+24
31.6228	0.442432E+24
36.5174	0.496205E+24
42.1696	0.551982E+24
48.6968	0.608535E+24
56.2341	0.665037E+24
64.9382	0.721071E+24
74.9894	0.776482E+24
86.5964	0.831206E+24
100.000	0.885071E+24
115.478	0.937867E+24
133.352	0.989078E+24
153.993	0.103803E+25
177.828	0.108389E+25
205.353	0.112573E+25
237.137	0.116258E+25
273.842	0.119355E+25
316.228	0.121781E+25
365.174	0.123485E+25
421.697	0.124437E+25
486.968	0.124619E+25
562.341	0.124058E+25
649.382	0.122802E+25
749.894	0.120882E+25
865.965	0.118391E+25
1000.00	0.115375E+25
1154.78	0.111932E+25
1333.52	0.108099E+25
1539.93	0.103971E+25
1778.28	0.995493E+24
2053.53	0.949072E+24
2371.37	0.902527E+24
2738.42	0.856578E+24
3162.28	0.815205E+24
3651.74	0.782624E+24
4216.97	0.782312E+24
4869.68	0.939915E+24
5623.41	0.202093E+25
6493.81	0.735784E+25
7498.94	0.211380E+26
8659.64	0.428510E+26
10000.0	0.739511E+26


E/N (Td)	Total collision freq. /N (m3/s)
0.100000	0.161284E-12
0.115478	0.165027E-12
0.133352	0.169568E-12
0.153993	0.174994E-12
0.177828	0.181385E-12
0.205353	0.188815E-12
0.237137	0.197353E-12
0.273842	0.207074E-12
0.316228	0.218053E-12
0.365174	0.230378E-12
0.421697	0.244149E-12
0.486968	0.259483E-12
0.562341	0.276513E-12
0.649382	0.295402E-12
0.749894	0.316329E-12
0.865964	0.339507E-12
1.00000	0.365169E-12
1.15478	0.393573E-12
1.33352	0.424977E-12
1.53993	0.459673E-12
1.77828	0.497892E-12
2.05352	0.539909E-12
2.37137	0.585910E-12
2.73842	0.635830E-12
3.16228	0.688873E-12
3.65174	0.742387E-12
4.21696	0.790873E-12
4.86968	0.827877E-12
5.62341	0.850458E-12
6.49382	0.860372E-12
7.49894	0.861325E-12
8.65964	0.856516E-12
10.0000	0.847988E-12
11.5478	0.836879E-12
13.3352	0.823784E-12
15.3993	0.809023E-12
17.7828	0.792829E-12
20.5353	0.775503E-12
23.7137	0.757502E-12
27.3842	0.739460E-12
31.6228	0.722052E-12
36.5174	0.705796E-12
42.1696	0.690869E-12
48.6968	0.677080E-12
56.2341	0.663990E-12
64.9382	0.651080E-12
74.9894	0.637901E-12
86.5964	0.624144E-12
100.000	0.609658E-12
115.478	0.594455E-12
133.352	0.578670E-12
153.993	0.562563E-12
177.828	0.546494E-12
205.353	0.530915E-12
237.137	0.516359E-12
273.842	0.503427E-12
316.228	0.492767E-12
365.174	0.485048E-12
421.697	0.480929E-12
486.968	0.481013E-12
562.341	0.485831E-12
649.382	0.495824E-12
749.894	0.511348E-12
865.965	0.532701E-12
1000.00	0.560169E-12
1154.78	0.594098E-12
1333.52	0.634925E-12
1539.93	0.683227E-12
1778.28	0.739668E-12
2053.53	0.805203E-12
2371.37	0.880980E-12
2738.42	0.968305E-12
3162.28	0.106859E-11
3651.74	0.118309E-11
4216.97	0.131306E-11
4869.68	0.145915E-11
5623.41	0.161920E-11
6493.81	0.178179E-11
7498.94	0.191610E-11
8659.64	0.198492E-11
10000.0	0.197415E-11


E/N (Td)	Momentum frequency /N (m3/s)
0.100000	0.174619E-12
0.115478	0.180652E-12
0.133352	0.188091E-12
0.153993	0.197133E-12
0.177828	0.207971E-12
0.205353	0.220780E-12
0.237137	0.235734E-12
0.273842	0.253000E-12
0.316228	0.272751E-12
0.365174	0.295164E-12
0.421697	0.320425E-12
0.486968	0.348724E-12
0.562341	0.380251E-12
0.649382	0.415206E-12
0.749894	0.453752E-12
0.865964	0.496068E-12
1.00000	0.542301E-12
1.15478	0.592560E-12
1.33352	0.646827E-12
1.53993	0.704874E-12
1.77828	0.766105E-12
2.05352	0.829304E-12
2.37137	0.892197E-12
2.73842	0.950650E-12
3.16228	0.996967E-12
3.65174	0.101862E-11
4.21696	0.100314E-11
4.86968	0.952205E-12
5.62341	0.883949E-12
6.49382	0.816310E-12
7.49894	0.757071E-12
8.65964	0.706954E-12
10.0000	0.664175E-12
11.5478	0.626742E-12
13.3352	0.592984E-12
15.3993	0.561730E-12
17.7828	0.532279E-12
20.5353	0.504378E-12
23.7137	0.478166E-12
27.3842	0.454065E-12
31.6228	0.432564E-12
36.5174	0.413991E-12
42.1696	0.398384E-12
48.6968	0.385489E-12
56.2341	0.374899E-12
64.9382	0.366175E-12
74.9894	0.358958E-12
86.5964	0.353014E-12
100.000	0.348250E-12
115.478	0.344674E-12
133.352	0.342412E-12
153.993	0.341661E-12
177.828	0.342681E-12
205.353	0.345798E-12
237.137	0.351379E-12
273.842	0.359847E-12
316.228	0.371681E-12
365.174	0.387409E-12
421.697	0.407611E-12
486.968	0.432942E-12
562.341	0.464075E-12
649.382	0.501723E-12
749.894	0.546632E-12
865.965	0.599571E-12
1000.00	0.661328E-12
1154.78	0.732619E-12
1333.52	0.814145E-12
1539.93	0.906525E-12
1778.28	0.101049E-11
2053.53	0.112631E-11
2371.37	0.125400E-11
2738.42	0.139325E-11
3162.28	0.154313E-11
3651.74	0.170211E-11
4216.97	0.186660E-11
4869.68	0.202930E-11
5623.41	0.217389E-11
6493.81	0.225620E-11
7498.94	0.220684E-11
8659.64	0.202355E-11
10000.0	0.177650E-11


E/N (Td)	Total ionization freq. /N (m3/s)
0.100000	0.00000
0.115478	0.00000
0.133352	0.00000
0.153993	0.00000
0.177828	0.00000
0.205353	0.00000
0.237137	0.00000
0.273842	0.00000
0.316228	0.00000
0.365174	0.00000
0.421697	0.00000
0.486968	0.00000
0.562341	0.00000
0.649382	0.00000
0.749894	0.00000
0.865964	0.00000
1.00000	0.00000
1.15478	0.00000
1.33352	0.00000
1.53993	0.00000
1.77828	0.00000
2.05352	0.00000
2.37137	0.00000
2.73842	0.00000
3.16228	0.00000
3.65174	0.00000
4.21696	0.00000
4.86968	0.00000
5.62341	0.00000
6.49382	0.00000
7.49894	0.00000
8.65964	0.00000
10.0000	0.00000
11.5478	0.00000
13.3352	0.00000
15.3993	0.00000
17.7828	0.00000
20.5353	0.00000
23.7137	0.00000
27.3842	0.00000
31.6228	0.00000
36.5174	0.00000
42.1696	0.00000
48.6968	0.00000
56.2341	0.00000
64.9382	0.00000
74.9894	0.00000
86.5964	0.00000
100.000	0.208821E-25
115.478	0.472200E-24
133.352	0.734613E-23
153.993	0.824757E-22
177.828	0.697136E-21
205.353	0.458492E-20
237.137	0.242366E-19
273.842	0.105766E-18
316.228	0.390075E-18
365.174	0.124038E-17
421.697	0.346354E-17
486.968	0.862632E-17
562.341	0.194397E-16
649.382	0.401475E-16
749.894	0.768666E-16
865.965	0.137882E-15
1000.00	0.233941E-15
1154.78	0.378725E-15
1333.52	0.589606E-15
1539.93	0.888922E-15
1778.28	0.130576E-14
2053.53	0.187987E-14
2371.37	0.266709E-14
2738.42	0.374842E-14
3162.28	0.524602E-14
3651.74	0.734945E-14
4216.97	0.103689E-13
4869.68	0.148436E-13
5623.41	0.217730E-13
6493.81	0.328600E-13
7498.94	0.491427E-13
8659.64	0.686221E-13
10000.0	0.883113E-13


E/N (Td)	Townsend ioniz. coef. alpha/N (m2)
0.100000	0.00000
0.115478	0.00000
0.133352	0.00000
0.153993	0.00000
0.177828	0.00000
0.205353	0.00000
0.237137	0.00000
0.273842	0.00000
0.316228	0.00000
0.365174	0.00000
0.421697	0.00000
0.486968	0.00000
0.562341	0.00000
0.649382	0.00000
0.749894	0.00000
0.865964	0.00000
1.00000	0.00000
1.15478	0.00000
1.33352	0.00000
1.53993	0.00000
1.77828	0.00000
2.05352	0.00000
2.37137	0.00000
2.73842	0.00000
3.16228	0.00000
3.65174	0.00000
4.21696	0.00000
4.86968	0.00000
5.62341	0.00000
6.49382	0.00000
7.49894	0.00000
8.65964	0.00000
10.0000	0.00000
11.5478	0.00000
13.3352	0.00000
15.3993	0.00000
17.7828	0.00000
20.5353	0.00000
23.7137	0.00000
27.3842	0.00000
31.6228	0.00000
36.5174	0.00000
42.1696	0.00000
48.6968	0.00000
56.2341	0.00000
64.9382	0.00000
74.9894	0.00000
86.5964	0.00000
100.000	0.413469E-30
115.478	0.801333E-29
133.352	0.107247E-27
153.993	0.104040E-26
177.828	0.763812E-26
205.353	0.438968E-25
237.137	0.204186E-24
273.842	0.790212E-24
316.228	0.260674E-23
365.174	0.748176E-23
421.697	0.190347E-22
486.968	0.436048E-22
562.341	0.912132E-22
649.382	0.176361E-21
749.894	0.318575E-21
865.965	0.542784E-21
1000.00	0.879634E-21
1154.78	0.136609E-20
1333.52	0.204664E-20
1539.93	0.297524E-20
1778.28	0.421864E-20
2053.53	0.586225E-20
2371.37	0.801889E-20
2738.42	0.108432E-19
3162.28	0.145550E-19
3651.74	0.194769E-19
4216.97	0.260953E-19
4869.68	0.351692E-19
5623.41	0.478557E-19
6493.81	0.649118E-19
7498.94	0.822257E-19
8659.64	0.911709E-19
10000.0	0.891990E-19


E/N (Td)	Power /N (eV m3/s)
0.100000	0.100723E-19
0.115478	0.129831E-19
0.133352	0.166285E-19
0.153993	0.211574E-19
0.177828	0.267436E-19
0.205353	0.335940E-19
0.237137	0.419566E-19
0.273842	0.521316E-19
0.316228	0.644845E-19
0.365174	0.794617E-19
0.421697	0.976101E-19
0.486968	0.119602E-18
0.562341	0.146269E-18
0.649382	0.178631E-18
0.749894	0.217973E-18
0.865964	0.265876E-18
1.00000	0.324325E-18
1.15478	0.395812E-18
1.33352	0.483541E-18
1.53993	0.591711E-18
1.77828	0.725994E-18
2.05352	0.894350E-18
2.37137	0.110856E-17
2.73842	0.138740E-17
3.16228	0.176417E-17
3.65174	0.230254E-17
4.21696	0.311788E-17
4.86968	0.438017E-17
5.62341	0.629208E-17
6.49382	0.908587E-17
7.49894	0.130643E-16
8.65964	0.186565E-16
10.0000	0.264813E-16
11.5478	0.374224E-16
13.3352	0.527447E-16
15.3993	0.742495E-16
17.7828	0.104492E-15
20.5353	0.147050E-15
23.7137	0.206844E-15
27.3842	0.290471E-15
31.6228	0.406603E-15
36.5174	0.566540E-15
42.1696	0.785090E-15
48.6968	0.108195E-14
56.2341	0.148357E-14
64.9382	0.202550E-14
74.9894	0.275536E-14
86.5964	0.373619E-14
100.000	0.505046E-14
115.478	0.680476E-14
133.352	0.913425E-14
153.993	0.122075E-13
177.828	0.162305E-13
205.353	0.214486E-13
237.137	0.281479E-13
273.842	0.366525E-13
316.228	0.473206E-13
365.174	0.605412E-13
421.697	0.767318E-13
486.968	0.963366E-13
562.341	0.119849E-12
649.382	0.147828E-12
749.894	0.180936E-12
865.965	0.219979E-12
1000.00	0.265953E-12
1154.78	0.320142E-12
1333.52	0.384166E-12
1539.93	0.460088E-12
1778.28	0.550415E-12
2053.53	0.658513E-12
2371.37	0.788721E-12
2738.42	0.946656E-12
3162.28	0.113977E-11
3651.74	0.137795E-11
4216.97	0.167560E-11
4869.68	0.205530E-11
5623.41	0.255849E-11
6493.81	0.328734E-11
7498.94	0.448179E-11
8659.64	0.651790E-11
10000.0	0.990049E-11


E/N (Td)	Elastic power loss /N (eV m3/s)
0.100000	0.100724E-19
0.115478	0.129836E-19
0.133352	0.166297E-19
0.153993	0.211612E-19
0.177828	0.267487E-19
0.205353	0.336006E-19
0.237137	0.419648E-19
0.273842	0.521415E-19
0.316228	0.644960E-19
0.365174	0.794747E-19
0.421697	0.976247E-19
0.486968	0.119619E-18
0.562341	0.146286E-18
0.649382	0.178657E-18
0.749894	0.218001E-18
0.865964	0.265906E-18
1.00000	0.324357E-18
1.15478	0.395864E-18
1.33352	0.483619E-18
1.53993	0.591852E-18
1.77828	0.726130E-18
2.05352	0.894487E-18
2.37137	0.110870E-17
2.73842	0.138695E-17
3.16228	0.175762E-17
3.65174	0.225584E-17
4.21696	0.289579E-17
4.86968	0.363161E-17
5.62341	0.437191E-17
6.49382	0.504259E-17
7.49894	0.561753E-17
8.65964	0.610319E-17
10.0000	0.651748E-17
11.5478	0.687801E-17
13.3352	0.719932E-17
15.3993	0.749163E-17
17.7828	0.776108E-17
20.5353	0.801002E-17
23.7137	0.823763E-17
27.3842	0.844165E-17
31.6228	0.862076E-17
36.5174	0.877679E-17
42.1696	0.891556E-17
48.6968	0.904590E-17
56.2341	0.917778E-17
64.9382	0.932078E-17
74.9894	0.948354E-17
86.5964	0.967428E-17
100.000	0.990176E-17
115.478	0.101763E-16
133.352	0.105114E-16
153.993	0.109246E-16
177.828	0.114386E-16
205.353	0.120819E-16
237.137	0.128892E-16
273.842	0.139012E-16
316.228	0.151633E-16
365.174	0.167254E-16
421.697	0.186399E-16
486.968	0.209610E-16
562.341	0.237463E-16
649.382	0.270587E-16
749.894	0.309699E-16
865.965	0.355668E-16
1000.00	0.409582E-16
1154.78	0.472882E-16
1333.52	0.547448E-16
1539.93	0.635791E-16
1778.28	0.741134E-16
2053.53	0.868069E-16
2371.37	0.102295E-15
2738.42	0.121483E-15
3162.28	0.145715E-15
3651.74	0.177105E-15
4216.97	0.219394E-15
4869.68	0.280126E-15
5623.41	0.376285E-15
6493.81	0.544173E-15
7498.94	0.823466E-15
8659.64	0.120773E-14
10000.0	0.166875E-14


E/N (Td)	Inelastic power loss /N (eV m3/s)
0.100000	-0.385553E-40
0.115478	-0.391672E-40
0.133352	-0.398792E-40
0.153993	-0.406905E-40
0.177828	-0.415956E-40
0.205353	-0.425878E-40
0.237137	-0.436592E-40
0.273842	-0.448025E-40
0.316228	-0.460116E-40
0.365174	-0.472826E-40
0.421697	-0.486137E-40
0.486968	-0.500054E-40
0.562341	-0.514603E-40
0.649382	-0.529839E-40
0.749894	-0.545843E-40
0.865964	-0.562723E-40
1.00000	-0.580624E-40
1.15478	-0.599732E-40
1.33352	-0.620289E-40
1.53993	0.113338E-27
1.77828	0.723618E-25
2.05352	0.203029E-23
2.37137	0.431986E-22
2.73842	0.652219E-21
3.16228	0.673713E-20
3.65174	0.468823E-19
4.21696	0.222217E-18
4.86968	0.748591E-18
5.62341	0.192014E-17
6.49382	0.404319E-17
7.49894	0.744662E-17
8.65964	0.125532E-16
10.0000	0.199638E-16
11.5478	0.305445E-16
13.3352	0.455454E-16
15.3993	0.667579E-16
17.7828	0.967307E-16
20.5353	0.139040E-15
23.7137	0.198606E-15
27.3842	0.282030E-15
31.6228	0.397982E-15
36.5174	0.557763E-15
42.1696	0.776175E-15
48.6968	0.107291E-14
56.2341	0.147439E-14
64.9382	0.201618E-14
74.9894	0.274587E-14
86.5964	0.372652E-14
100.000	0.504056E-14
115.478	0.679459E-14
133.352	0.912374E-14
153.993	0.121966E-13
177.828	0.162190E-13
205.353	0.214365E-13
237.137	0.281349E-13
273.842	0.366383E-13
316.228	0.473046E-13
365.174	0.605215E-13
421.697	0.767043E-13
486.968	0.962922E-13
562.341	0.119769E-12
649.382	0.147679E-12
749.894	0.180658E-12
865.965	0.219475E-12
1000.00	0.265075E-12
1154.78	0.318670E-12
1333.52	0.381781E-12
1539.93	0.456329E-12
1778.28	0.544623E-12
2053.53	0.649731E-12
2371.37	0.775529E-12
2738.42	0.926884E-12
3162.28	0.110996E-11
3651.74	0.133229E-11
4216.97	0.160354E-11
4869.68	0.193514E-11
5623.41	0.233587E-11
6493.81	0.279510E-11
7498.94	0.324182E-11
8659.64	0.356042E-11
10000.0	0.368687E-11


E/N (Td)	Growth power /N (eV m3/s)
0.100000	0.00000
0.115478	0.00000
0.133352	0.00000
0.153993	0.00000
0.177828	0.00000
0.205353	0.00000
0.237137	0.00000
0.273842	0.00000
0.316228	0.00000
0.365174	0.00000
0.421697	0.00000
0.486968	0.00000
0.562341	0.00000
0.649382	0.00000
0.749894	0.00000
0.865964	0.00000
1.00000	0.00000
1.15478	0.00000
1.33352	0.00000
1.53993	0.00000
1.77828	0.00000
2.05352	0.00000
2.37137	0.00000
2.73842	0.00000
3.16228	0.00000
3.65174	0.00000
4.21696	0.00000
4.86968	0.00000
5.62341	0.00000
6.49382	0.00000
7.49894	0.00000
8.65964	0.00000
10.0000	0.00000
11.5478	0.00000
13.3352	0.00000
15.3993	0.00000
17.7828	0.00000
20.5353	0.00000
23.7137	0.00000
27.3842	0.00000
31.6228	0.00000
36.5174	0.00000
42.1696	0.00000
48.6968	0.00000
56.2341	0.00000
64.9382	0.00000
74.9894	0.00000
86.5964	0.00000
100.000	0.287947E-25
115.478	0.687218E-24
133.352	0.113126E-22
153.993	0.134715E-21
177.828	0.121041E-20
205.353	0.847706E-20
237.137	0.477813E-19
273.842	0.222505E-18
316.228	0.875819E-18
365.174	0.297082E-17
421.697	0.883906E-17
486.968	0.234175E-16
562.341	0.560168E-16
649.382	0.122516E-15
749.894	0.247836E-15
865.965	0.468718E-15
1000.00	0.837040E-15
1154.78	0.142470E-14
1333.52	0.233113E-14
1539.93	0.369587E-14
1778.28	0.571791E-14
2053.53	0.869520E-14
2371.37	0.130899E-13
2738.42	0.196524E-13
3162.28	0.296701E-13
3651.74	0.454924E-13
4216.97	0.718586E-13
4869.68	0.119912E-12
5623.41	0.222316E-12
6493.81	0.492142E-12
7498.94	0.124008E-11
8659.64	0.295758E-11
10000.0	0.621365E-11


E/N (Td)	Maximum energy
0.100000	0.621116
0.115478	0.621116
0.133352	0.621116
0.153993	0.742544
0.177828	0.742544
0.205353	0.742544
0.237137	0.742544
0.273842	0.742544
0.316228	0.742544
0.365174	0.742544
0.421697	0.742544
0.486968	0.742544
0.562341	0.742544
0.649382	0.887712
0.749894	0.887712
0.865964	0.887712
1.00000	0.887712
1.15478	1.06126
1.33352	1.26874
1.53993	1.51677
1.77828	1.81323
2.05352	1.81323
2.37137	2.16631
2.73842	2.58684
3.16228	2.58684
3.65174	3.08769
4.21696	3.08769
4.86968	3.68422
5.62341	3.68422
6.49382	4.39470
7.49894	4.39470
8.65964	4.39470
10.0000	5.24090
11.5478	5.24090
13.3352	5.24090
15.3993	5.24090
17.7828	5.24090
20.5353	6.24873
23.7137	6.24873
27.3842	6.24873
31.6228	6.24873
36.5174	6.24873
42.1696	7.44907
48.6968	7.44907
56.2341	7.44907
64.9382	7.44907
74.9894	7.44907
86.5964	7.44907
100.000	8.87871
115.478	8.87871
133.352	8.87871
153.993	8.87871
177.828	10.5814
205.353	10.5814
237.137	10.5814
273.842	10.5814
316.228	12.6094
365.174	12.6094
421.697	15.0248
486.968	15.0248
562.341	15.0248
649.382	17.9015
749.894	21.3277
865.965	21.3277
1000.00	25.4085
1154.78	30.2687
1333.52	30.2687
1539.93	36.0573
1778.28	42.9516
2053.53	60.9427
2371.37	72.5906
2738.42	122.665
3162.28	207.266
3651.74	417.100
4216.97	704.712
4869.68	1418.07
5623.41	2853.49
6493.81	5741.88
7498.94	8145.01
8659.64	10000.0
10000.0	10000.0


E/N (Td)	# of iterations
0.100000	3.00000
0.115478	3.00000
0.133352	3.00000
0.153993	6.00000
0.177828	3.00000
0.205353	3.00000
0.237137	3.00000
0.273842	3.00000
0.316228	3.00000
0.365174	3.00000
0.421697	3.00000
0.486968	3.00000
0.562341	3.00000
0.649382	6.00000
0.749894	3.00000
0.865964	3.00000
1.00000	3.00000
1.15478	6.00000
1.33352	6.00000
1.53993	6.00000
1.77828	6.00000
2.05352	3.00000
2.37137	7.00000
2.73842	8.00000
3.16228	4.00000
3.65174	8.00000
4.21696	4.00000
4.86968	8.00000
5.62341	4.00000
6.49382	8.00000
7.49894	4.00000
8.65964	4.00000
10.0000	8.00000
11.5478	4.00000
13.3352	4.00000
15.3993	4.00000
17.7828	4.00000
20.5353	8.00000
23.7137	4.00000
27.3842	4.00000
31.6228	4.00000
36.5174	4.00000
42.1696	8.00000
48.6968	4.00000
56.2341	4.00000
64.9382	4.00000
74.9894	4.00000
86.5964	4.00000
100.000	8.00000
115.478	4.00000
133.352	4.00000
153.993	4.00000
177.828	8.00000
205.353	4.00000
237.137	4.00000
273.842	4.00000
316.228	8.00000
365.174	4.00000
421.697	8.00000
486.968	4.00000
562.341	4.00000
649.382	8.00000
749.894	8.00000
865.965	4.00000
1000.00	8.00000
1154.78	8.00000
1333.52	4.00000
1539.93	8.00000
1778.28	8.00000
2053.53	12.0000
2371.37	8.00000
2738.42	18.0000
3162.28	21.0000
3651.74	38.0000
4216.97	41.0000
4869.68	66.0000
5623.41	80.0000
6493.81	83.0000
7498.94	44.0000
8659.64	45.0000
10000.0	29.0000


E/N (Td)	# of grid trials
0.100000	1.00000
0.115478	1.00000
0.133352	1.00000
0.153993	2.00000
0.177828	1.00000
0.205353	1.00000
0.237137	1.00000
0.273842	1.00000
0.316228	1.00000
0.365174	1.00000
0.421697	1.00000
0.486968	1.00000
0.562341	1.00000
0.649382	2.00000
0.749894	1.00000
0.865964	1.00000
1.00000	1.00000
1.15478	2.00000
1.33352	2.00000
1.53993	2.00000
1.77828	2.00000
2.05352	1.00000
2.37137	2.00000
2.73842	2.00000
3.16228	1.00000
3.65174	2.00000
4.21696	1.00000
4.86968	2.00000
5.62341	1.00000
6.49382	2.00000
7.49894	1.00000
8.65964	1.00000
10.0000	2.00000
11.5478	1.00000
13.3352	1.00000
15.3993	1.00000
17.7828	1.00000
20.5353	2.00000
23.7137	1.00000
27.3842	1.00000
31.6228	1.00000
36.5174	1.00000
42.1696	2.00000
48.6968	1.00000
56.2341	1.00000
64.9382	1.00000
74.9894	1.00000
86.5964	1.00000
100.000	2.00000
115.478	1.00000
133.352	1.00000
153.993	1.00000
177.828	2.00000
205.353	1.00000
237.137	1.00000
273.842	1.00000
316.228	2.00000
365.174	1.00000
421.697	2.00000
486.968	1.00000
562.341	1.00000
649.382	2.00000
749.894	2.00000
865.965	1.00000
1000.00	2.00000
1154.78	2.00000
1333.52	1.00000
1539.93	2.00000
1778.28	2.00000
2053.53	3.00000
2371.37	2.00000
2738.42	4.00000
3162.28	4.00000
3651.74	5.00000
4216.97	4.00000
4869.68	5.00000
5623.41	5.00000
6493.81	5.00000
7498.94	3.00000
8659.64	3.00000
10000.0	2.00000


E/N (Td)	Error code
0.100000	0.00000
0.115478	0.00000
0.133352	0.00000
0.153993	0.00000
0.177828	0.00000
0.205353	0.00000
0.237137	0.00000
0.273842	0.00000
0.316228	0.00000
0.365174	0.00000
0.421697	0.00000
0.486968	0.00000
0.562341	0.00000
0.649382	0.00000
0.749894	0.00000
0.865964	0.00000
1.00000	0.00000
1.15478	0.00000
1.33352	0.00000
1.53993	0.00000
1.77828	0.00000
2.05352	0.00000
2.37137	0.00000
2.73842	0.00000
3.16228	0.00000
3.65174	0.00000
4.21696	0.00000
4.86968	0.00000
5.62341	0.00000
6.49382	0.00000
7.49894	0.00000
8.65964	0.00000
10.0000	0.00000
11.5478	0.00000
13.3352	0.00000
15.3993	0.00000
17.7828	0.00000
20.5353	0.00000
23.7137	0.00000
27.3842	0.00000
31.6228	0.00000
36.5174	0.00000
42.1696	0.00000
48.6968	0.00000
56.2341	0.00000
64.9382	0.00000
74.9894	0.00000
86.5964	0.00000
100.000	0.00000
115.478	0.00000
133.352	0.00000
153.993	0.00000
177.828	0.00000
205.353	0.00000
237.137	0.00000
273.842	0.00000
316.228	0.00000
365.174	0.00000
421.697	0.00000
486.968	0.00000
562.341	0.00000
649.382	0.00000
749.894	0.00000
865.965	0.00000
1000.00	0.00000
1154.78	0.00000
1333.52	0.00000
1539.93	0.00000
1778.28	0.00000
2053.53	0.00000
2371.37	0.00000
2738.42	0.00000
3162.28	0.00000
3651.74	0.00000
4216.97	0.00000
4869.68	0.00000
5623.41	0.00000
6493.81	0.00000
7498.94	0.00000
8659.64	1.00000
10000.0	1.00000


C1    Cu    Elastic                                             
E/N (Td)	Rate coefficient (m3/s)
0.100000	0.161284E-12
0.115478	0.165027E-12
0.133352	0.169568E-12
0.153993	0.174994E-12
0.177828	0.181385E-12
0.205353	0.188815E-12
0.237137	0.197353E-12
0.273842	0.207074E-12
0.316228	0.218053E-12
0.365174	0.230378E-12
0.421697	0.244149E-12
0.486968	0.259483E-12
0.562341	0.276513E-12
0.649382	0.295402E-12
0.749894	0.316329E-12
0.865964	0.339507E-12
1.00000	0.365169E-12
1.15478	0.393573E-12
1.33352	0.424977E-12
1.53993	0.459673E-12
1.77828	0.497892E-12
2.05352	0.539909E-12
2.37137	0.585910E-12
2.73842	0.635830E-12
3.16228	0.688873E-12
3.65174	0.742387E-12
4.21696	0.790873E-12
4.86968	0.827877E-12
5.62341	0.850457E-12
6.49382	0.860369E-12
7.49894	0.861320E-12
8.65964	0.856508E-12
10.0000	0.847974E-12
11.5478	0.836858E-12
13.3352	0.823754E-12
15.3993	0.808979E-12
17.7828	0.792765E-12
20.5353	0.775412E-12
23.7137	0.757375E-12
27.3842	0.739284E-12
31.6228	0.721814E-12
36.5174	0.705476E-12
42.1696	0.690449E-12
48.6968	0.676533E-12
56.2341	0.663283E-12
64.9382	0.650169E-12
74.9894	0.636729E-12
86.5964	0.622633E-12
100.000	0.607707E-12
115.478	0.591930E-12
133.352	0.575401E-12
153.993	0.558328E-12
177.828	0.541013E-12
205.353	0.523837E-12
237.137	0.507255E-12
273.842	0.491777E-12
316.228	0.477950E-12
365.174	0.466339E-12
421.697	0.457491E-12
486.968	0.451890E-12
562.341	0.449941E-12
649.382	0.451944E-12
749.894	0.458086E-12
865.965	0.468467E-12
1000.00	0.483125E-12
1154.78	0.502088E-12
1333.52	0.525396E-12
1539.93	0.553125E-12
1778.28	0.585343E-12
2053.53	0.622222E-12
2371.37	0.663933E-12
2738.42	0.710584E-12
3162.28	0.762107E-12
3651.74	0.818042E-12
4216.97	0.877499E-12
4869.68	0.938885E-12
5623.41	0.999081E-12
6493.81	0.105180E-11
7498.94	0.108651E-11
8659.64	0.109425E-11
10000.0	0.107407E-11


C2    Cu    Excitation    1.50 eV                               
E/N (Td)	Rate coefficient (m3/s)
0.100000	0.00000
0.115478	0.00000
0.133352	0.00000
0.153993	0.00000
0.177828	0.00000
0.205353	0.00000
0.237137	0.00000
0.273842	0.00000
0.316228	0.00000
0.365174	0.00000
0.421697	0.00000
0.486968	0.00000
0.562341	0.00000
0.649382	0.00000
0.749894	0.00000
0.865964	0.00000
1.00000	0.00000
1.15478	0.00000
1.33352	0.00000
1.53993	0.475740E-28
1.77828	0.303741E-25
2.05352	0.852218E-24
2.37137	0.181330E-22
2.73842	0.273786E-21
3.16228	0.282831E-20
3.65174	0.196847E-19
4.21696	0.933292E-19
4.86968	0.314541E-18
5.62341	0.807327E-18
6.49382	0.170145E-17
7.49894	0.313709E-17
8.65964	0.529484E-17
10.0000	0.843056E-17
11.5478	0.129081E-16
13.3352	0.192361E-16
15.3993	0.280954E-16
17.7828	0.403393E-16
20.5353	0.569276E-16
23.7137	0.787716E-16
27.3842	0.106506E-15
31.6228	0.140310E-15
36.5174	0.179920E-15
42.1696	0.224902E-15
48.6968	0.275063E-15
56.2341	0.330764E-15
64.9382	0.393060E-15
74.9894	0.463671E-15
86.5964	0.544893E-15
100.000	0.639525E-15
115.478	0.750804E-15
133.352	0.882430E-15
153.993	0.103853E-14
177.828	0.122363E-14
205.353	0.144254E-14
237.137	0.170021E-14
273.842	0.200147E-14
316.228	0.235074E-14
365.174	0.275188E-14
421.697	0.320803E-14
486.968	0.372174E-14
562.341	0.429548E-14
649.382	0.493229E-14
749.894	0.563643E-14
865.965	0.641423E-14
1000.00	0.727441E-14
1154.78	0.822905E-14
1333.52	0.929277E-14
1539.93	0.104826E-13
1778.28	0.118143E-13
2053.53	0.133045E-13
2371.37	0.149645E-13
2738.42	0.167931E-13
3162.28	0.187688E-13
3651.74	0.208340E-13
4216.97	0.228856E-13
4869.68	0.247482E-13
5623.41	0.261122E-13
6493.81	0.264712E-13
7498.94	0.253463E-13
8659.64	0.228663E-13
10000.0	0.196005E-13


C3    Cu    Excitation    1.50 eV                               
E/N (Td)	Rate coefficient (m3/s)
0.100000	0.00000
0.115478	0.00000
0.133352	0.00000
0.153993	0.00000
0.177828	0.00000
0.205353	0.00000
0.237137	0.00000
0.273842	0.00000
0.316228	0.00000
0.365174	0.00000
0.421697	0.00000
0.486968	0.00000
0.562341	0.00000
0.649382	0.00000
0.749894	0.00000
0.865964	0.00000
1.00000	0.00000
1.15478	0.00000
1.33352	0.00000
1.53993	0.279848E-28
1.77828	0.178672E-25
2.05352	0.501306E-24
2.37137	0.106660E-22
2.73842	0.161027E-21
3.16228	0.166312E-20
3.65174	0.115702E-19
4.21696	0.548156E-19
4.86968	0.184519E-18
5.62341	0.472768E-18
6.49382	0.994002E-18
7.49894	0.182729E-17
8.65964	0.307362E-17
10.0000	0.487619E-17
11.5478	0.743993E-17
13.3352	0.110545E-16
15.3993	0.161131E-16
17.7828	0.231173E-16
20.5353	0.326450E-16
23.7137	0.452664E-16
27.3842	0.614137E-16
31.6228	0.812725E-16
36.5174	0.104781E-15
42.1696	0.131780E-15
48.6968	0.162250E-15
56.2341	0.196507E-15
64.9382	0.235304E-15
74.9894	0.279825E-15
86.5964	0.331660E-15
100.000	0.392767E-15
115.478	0.465453E-15
133.352	0.552399E-15
153.993	0.656649E-15
177.828	0.781596E-15
205.353	0.930927E-15
237.137	0.110850E-14
273.842	0.131820E-14
316.228	0.156371E-14
365.174	0.184836E-14
421.697	0.217503E-14
486.968	0.254617E-14
562.341	0.296417E-14
649.382	0.343174E-14
749.894	0.395245E-14
865.965	0.453132E-14
1000.00	0.517510E-14
1154.78	0.589309E-14
1333.52	0.669656E-14
1539.93	0.759879E-14
1778.28	0.861255E-14
2053.53	0.975192E-14
2371.37	0.110280E-13
2738.42	0.124440E-13
3162.28	0.139897E-13
3651.74	0.156294E-13
4216.97	0.172932E-13
4869.68	0.188523E-13
5623.41	0.200629E-13
6493.81	0.205049E-13
7498.94	0.197539E-13
8659.64	0.178718E-13
10000.0	0.153098E-13


C4    Cu    Excitation    3.80 eV                               
E/N (Td)	Rate coefficient (m3/s)
0.100000	0.00000
0.115478	0.00000
0.133352	0.00000
0.153993	0.00000
0.177828	0.00000
0.205353	0.00000
0.237137	0.00000
0.273842	0.00000
0.316228	0.00000
0.365174	0.00000
0.421697	0.00000
0.486968	0.00000
0.562341	0.00000
0.649382	0.00000
0.749894	0.00000
0.865964	0.00000
1.00000	0.00000
1.15478	0.00000
1.33352	0.00000
1.53993	0.00000
1.77828	0.00000
2.05352	0.00000
2.37137	0.00000
2.73842	0.00000
3.16228	0.00000
3.65174	0.00000
4.21696	0.00000
4.86968	0.00000
5.62341	0.00000
6.49382	0.742602E-24
7.49894	0.116428E-22
8.65964	0.124609E-21
10.0000	0.976669E-21
11.5478	0.591114E-20
13.3352	0.288306E-19
15.3993	0.117132E-18
17.7828	0.406781E-18
20.5353	0.123183E-17
23.7137	0.330247E-17
27.3842	0.793413E-17
31.6228	0.172655E-16
36.5174	0.343976E-16
42.1696	0.634612E-16
48.6968	0.109721E-15
56.2341	0.179863E-15
64.9382	0.282533E-15
74.9894	0.429106E-15
86.5964	0.634641E-15
100.000	0.918947E-15
115.478	0.130788E-14
133.352	0.183448E-14
153.993	0.254024E-14
177.828	0.347623E-14
205.353	0.470362E-14
237.137	0.629411E-14
273.842	0.832942E-14
316.228	0.109002E-13
365.174	0.141048E-13
421.697	0.180485E-13
486.968	0.228416E-13
562.341	0.286039E-13
649.382	0.354678E-13
749.894	0.435850E-13
865.965	0.531366E-13
1000.00	0.643431E-13
1154.78	0.774874E-13
1333.52	0.929235E-13
1539.93	0.111100E-12
1778.28	0.132554E-12
2053.53	0.158000E-12
2371.37	0.188334E-12
2738.42	0.224673E-12
3162.28	0.268400E-12
3651.74	0.321153E-12
4216.97	0.384908E-12
4869.68	0.461700E-12
5623.41	0.552022E-12
6493.81	0.649980E-12
7498.94	0.735135E-12
8659.64	0.781061E-12
10000.0	0.776587E-12


C5    Cu    Excitation    5.10 eV                               
E/N (Td)	Rate coefficient (m3/s)
0.100000	0.00000
0.115478	0.00000
0.133352	0.00000
0.153993	0.00000
0.177828	0.00000
0.205353	0.00000
0.237137	0.00000
0.273842	0.00000
0.316228	0.00000
0.365174	0.00000
0.421697	0.00000
0.486968	0.00000
0.562341	0.00000
0.649382	0.00000
0.749894	0.00000
0.865964	0.00000
1.00000	0.00000
1.15478	0.00000
1.33352	0.00000
1.53993	0.00000
1.77828	0.00000
2.05352	0.00000
2.37137	0.00000
2.73842	0.00000
3.16228	0.00000
3.65174	0.00000
4.21696	0.00000
4.86968	0.00000
5.62341	0.00000
6.49382	0.00000
7.49894	0.00000
8.65964	0.00000
10.0000	0.808988E-35
11.5478	0.110131E-32
13.3352	0.801636E-31
15.3993	0.338669E-29
17.7828	0.890095E-28
20.5353	0.196829E-26
23.7137	0.256255E-25
27.3842	0.244623E-24
31.6228	0.177637E-23
36.5174	0.101453E-22
42.1696	0.470414E-22
48.6968	0.181997E-21
56.2341	0.603777E-21
64.9382	0.175809E-20
74.9894	0.458374E-20
86.5964	0.108800E-19
100.000	0.238279E-19
115.478	0.486975E-19
133.352	0.936725E-19
153.993	0.170785E-18
177.828	0.296809E-18
205.353	0.493918E-18
237.137	0.790009E-18
273.842	0.121838E-17
316.228	0.181678E-17
365.174	0.262588E-17
421.697	0.368750E-17
486.968	0.504238E-17
562.341	0.673001E-17
649.382	0.878840E-17
749.894	0.112554E-16
865.965	0.141711E-16
1000.00	0.175809E-16
1154.78	0.215417E-16
1333.52	0.261244E-16
1539.93	0.314189E-16
1778.28	0.375319E-16
2053.53	0.446122E-16
2371.37	0.528509E-16
2738.42	0.624938E-16
3162.28	0.738622E-16
3651.74	0.873684E-16
4216.97	0.103589E-15
4869.68	0.123336E-15
5623.41	0.147702E-15
6493.81	0.177706E-15
7498.94	0.211564E-15
8659.64	0.243003E-15
10000.0	0.266828E-15


C6    Cu    Ionization    7.72 eV                               
E/N (Td)	Rate coefficient (m3/s)
0.100000	0.00000
0.115478	0.00000
0.133352	0.00000
0.153993	0.00000
0.177828	0.00000
0.205353	0.00000
0.237137	0.00000
0.273842	0.00000
0.316228	0.00000
0.365174	0.00000
0.421697	0.00000
0.486968	0.00000
0.562341	0.00000
0.649382	0.00000
0.749894	0.00000
0.865964	0.00000
1.00000	0.00000
1.15478	0.00000
1.33352	0.00000
1.53993	0.00000
1.77828	0.00000
2.05352	0.00000
2.37137	0.00000
2.73842	0.00000
3.16228	0.00000
3.65174	0.00000
4.21696	0.00000
4.86968	0.00000
5.62341	0.00000
6.49382	0.00000
7.49894	0.00000
8.65964	0.00000
10.0000	0.00000
11.5478	0.00000
13.3352	0.00000
15.3993	0.00000
17.7828	0.00000
20.5353	0.00000
23.7137	0.00000
27.3842	0.00000
31.6228	0.00000
36.5174	0.00000
42.1696	0.00000
48.6968	0.00000
56.2341	0.00000
64.9382	0.00000
74.9894	0.00000
86.5964	0.00000
100.000	0.208821E-25
115.478	0.472200E-24
133.352	0.734613E-23
153.993	0.824757E-22
177.828	0.697136E-21
205.353	0.458492E-20
237.137	0.242366E-19
273.842	0.105766E-18
316.228	0.390075E-18
365.174	0.124038E-17
421.697	0.346354E-17
486.968	0.862632E-17
562.341	0.194397E-16
649.382	0.401475E-16
749.894	0.768666E-16
865.965	0.137882E-15
1000.00	0.233941E-15
1154.78	0.378725E-15
1333.52	0.589606E-15
1539.93	0.888922E-15
1778.28	0.130576E-14
2053.53	0.187987E-14
2371.37	0.266709E-14
2738.42	0.374842E-14
3162.28	0.524602E-14
3651.74	0.734945E-14
4216.97	0.103689E-13
4869.68	0.148436E-13
5623.41	0.217729E-13
6493.81	0.328598E-13
7498.94	0.491429E-13
8659.64	0.686225E-13
10000.0	0.883114E-13


Cu                                                              
E/N (Td)	Inelastic energy loss coefficient (eV m3/s)
0.100000	0.00000
0.115478	0.00000
0.133352	0.00000
0.153993	0.00000
0.177828	0.00000
0.205353	0.00000
0.237137	0.00000
0.273842	0.00000
0.316228	0.00000
0.365174	0.00000
0.421697	0.00000
0.486968	0.00000
0.562341	0.00000
0.649382	0.00000
0.749894	0.00000
0.865964	0.00000
1.00000	0.00000
1.15478	0.00000
1.33352	0.00000
1.53993	0.113340E-27
1.77828	0.723626E-25
2.05352	0.203031E-23
2.37137	0.431991E-22
2.73842	0.652228E-21
3.16228	0.673723E-20
3.65174	0.468830E-19
4.21696	0.222221E-18
4.86968	0.748603E-18
5.62341	0.192018E-17
6.49382	0.404326E-17
7.49894	0.744675E-17
8.65964	0.125534E-16
10.0000	0.199642E-16
11.5478	0.305451E-16
13.3352	0.455464E-16
15.3993	0.667594E-16
17.7828	0.967330E-16
20.5353	0.139043E-15
23.7137	0.198611E-15
27.3842	0.282037E-15
31.6228	0.397993E-15
36.5174	0.557777E-15
42.1696	0.776195E-15
48.6968	0.107294E-14
56.2341	0.147443E-14
64.9382	0.201623E-14
74.9894	0.274594E-14
86.5964	0.372661E-14
100.000	0.504069E-14
115.478	0.679476E-14
133.352	0.912397E-14
153.993	0.121969E-13
177.828	0.162194E-13
205.353	0.214371E-13
237.137	0.281356E-13
273.842	0.366393E-13
316.228	0.473059E-13
365.174	0.605231E-13
421.697	0.767064E-13
486.968	0.962949E-13
562.341	0.119772E-12
649.382	0.147683E-12
749.894	0.180663E-12
865.965	0.219481E-12
1000.00	0.265083E-12
1154.78	0.318681E-12
1333.52	0.381794E-12
1539.93	0.456345E-12
1778.28	0.544643E-12
2053.53	0.649756E-12
2371.37	0.775560E-12
2738.42	0.926923E-12
3162.28	0.111001E-11
3651.74	0.133235E-11
4216.97	0.160362E-11
4869.68	0.193526E-11
5623.41	0.233604E-11
6493.81	0.279535E-11
7498.94	0.324220E-11
8659.64	0.356095E-11
10000.0	0.368758E-11


