ELASTIC
Cu
8.63000000e-06
SPECIES: e / Cu
PROCESS: E + Cu -> E + Cu, Elastic
PARAM.:  m/M = 0.00000863, complete set
COMMENT: elastic momentum transfer.
UPDATED: 2012-09-12 13:41:58
COLUMNS: Energy (eV) | Cross section (m2)
-----------------------------
2.56400000e-02	8.52640000e-19
5.25800000e-02	1.12764000e-18
7.89600000e-02	1.57921000e-18
1.06200000e-01	2.23784000e-18
1.33030000e-01	2.88092000e-18
1.64120000e-01	3.40358000e-18
1.91470000e-01	3.91415000e-18
2.11590000e-01	4.25800000e-18
2.50210000e-01	4.25800000e-18
2.72320000e-01	4.20102000e-18
2.96390000e-01	3.97393000e-18
3.22580000e-01	3.65302000e-18
4.39050000e-01	2.79962000e-18
5.49980000e-01	2.11687000e-18
6.51480000e-01	1.74124000e-18
7.70410000e-01	1.47137000e-18
8.62990000e-01	1.24543000e-18
9.78220000e-01	1.08297000e-18
1.06467000e+00	9.27541000e-19
1.19261000e+00	8.17489000e-19
1.29801000e+00	7.52741000e-19
1.41033000e+00	6.44705000e-19
1.49393000e+00	5.92644000e-19
1.62320000e+00	5.37496000e-19
1.76665000e+00	4.87480000e-19
2.06453000e+00	3.89661000e-19
2.58176000e+00	2.94634000e-19
3.67209000e+00	1.25667000e-19
4.66260000e+00	2.82488000e-19
5.03597000e+00	2.25766000e-19
5.73846000e+00	4.55551000e-19
6.09609000e+00	5.90665000e-19
6.67476000e+00	6.65535000e-19
7.22925000e+00	7.47267000e-19
7.91548000e+00	7.93214000e-19
8.92203000e+00	8.39036000e-19
9.86390000e+00	8.39036000e-19
1.13629000e+01	7.93214000e-19
1.24264000e+01	7.26575000e-19
1.53547000e+01	6.44839000e-19
1.95317000e+01	4.97332000e-19
2.48450000e+01	4.05725000e-19
3.16037000e+01	3.60083000e-19
3.82566000e+01	2.93757000e-19
5.07059000e+01	2.61627000e-19
6.38787000e+01	2.25766000e-19
8.53856000e+01	1.84181000e-19
1.03360000e+02	1.74122000e-19
1.72585000e+02	1.02848000e-19
2.52590000e+02	7.03981000e-20
3.41326000e+02	5.11495000e-20
4.52400000e+02	3.93108000e-20
5.63760000e+02	3.11819000e-20
6.96610000e+02	2.54383000e-20
8.59726000e+02	1.95505000e-20
1.00000000e+03	1.74122000e-20
1.25893000e+03	1.38310000e-20
1.58489000e+03	1.09864000e-20
1.99526000e+03	8.72677000e-21
2.51189000e+03	6.93192000e-21
3.16228000e+03	5.50622000e-21
3.98107000e+03	4.37375000e-21
5.01187000e+03	3.47419000e-21
6.30957000e+03	2.75965000e-21
7.94328000e+03	2.19207000e-21
1.00000000e+04	1.74122000e-21
1.25893000e+04	1.38310000e-21
1.58489000e+04	1.09864000e-21
1.99526000e+04	8.72677000e-22
2.51189000e+04	6.93192000e-22
3.16228000e+04	5.50622000e-22
3.98107000e+04	4.37375000e-22
5.01187000e+04	3.47419000e-22
6.30957000e+04	2.75965000e-22
7.94328000e+04	2.19207000e-22
1.00000000e+05	1.74122000e-22
1.25893000e+05	1.38310000e-22
1.58489000e+05	1.09864000e-22
1.99526000e+05	8.72677000e-23
2.51189000e+05	6.93192000e-23
3.16228000e+05	5.50622000e-23
3.98107000e+05	4.37375000e-23
5.01187000e+05	3.47419000e-23
6.30957000e+05	2.75965000e-23
7.94328000e+05	2.19207000e-23
-----------------------------

EXCITATION
Cu -> Cu(EX2)
1.50000000e+00
SPECIES: e / Cu
PROCESS: E + Cu -> E + Cu(EX2), Excitation
PARAM.:  E = 1.5 eV, complete set
UPDATED: 2012-09-12 13:42:37
COLUMNS: Energy (eV) | Cross section (m2)
-----------------------------
1.50000000e+00	1.00000000e-44
2.02124000e+00	7.47267000e-22
3.69086000e+00	3.50112000e-21
5.24097000e+00	8.62930000e-21
7.60586000e+00	2.07526000e-20
9.19585000e+00	2.77714000e-20
1.03778000e+01	2.93757000e-20
1.21883000e+01	2.46472000e-20
1.66303000e+01	1.46095000e-20
2.20421000e+01	8.62930000e-21
3.53222000e+01	4.29163000e-21
4.91961000e+01	2.39648000e-21
6.25791000e+01	1.68707000e-21
1.85123000e+02	6.44839000e-23
7.17989000e+02	1.02848000e-24
1.00000000e+03	3.80672000e-25
1.25893000e+03	1.90788000e-25
1.58489000e+03	9.56205000e-26
1.99526000e+03	4.79238000e-26
2.51189000e+03	2.40188000e-26
3.16228000e+03	1.20379000e-26
3.98107000e+03	6.03325000e-27
5.01187000e+03	3.02379000e-27
6.30957000e+03	1.51548000e-27
7.94328000e+03	7.59541000e-28
1.00000000e+04	3.80672000e-28
1.25893000e+04	1.90788000e-28
1.58489000e+04	9.56205000e-29
1.99526000e+04	4.79238000e-29
2.51189000e+04	2.40188000e-29
3.16228000e+04	1.20379000e-29
3.98107000e+04	6.03325000e-30
5.01187000e+04	3.02379000e-30
6.30957000e+04	1.51548000e-30
7.94328000e+04	7.59541000e-31
1.00000000e+05	3.80672000e-31
1.25893000e+05	1.90788000e-31
1.58489000e+05	9.56205000e-32
1.99526000e+05	4.79238000e-32
2.51189000e+05	2.40188000e-32
3.16228000e+05	1.20379000e-32
3.98107000e+05	6.03325000e-33
5.01187000e+05	3.02379000e-33
6.30957000e+05	1.51548000e-33
7.94328000e+05	7.59541000e-34
-----------------------------

EXCITATION
Cu -> Cu(EX3)
1.50000000e+00
SPECIES: e / Cu
PROCESS: E + Cu -> E + Cu(EX3), Excitation
PARAM.:  E = 1.5 eV, complete set
UPDATED: 2012-09-12 13:44:49
COLUMNS: Energy (eV) | Cross section (m2)
-----------------------------
1.50000000e+00	1.00000000e-44
2.07863000e+00	4.87968000e-22
2.29774000e+00	6.53391000e-22
2.75396000e+00	1.07288000e-21
3.26510000e+00	1.71280000e-21
4.11200000e+00	2.98573000e-21
5.66259000e+00	7.60965000e-21
7.06281000e+00	1.36436000e-20
8.89477000e+00	1.99479000e-20
9.92782000e+00	2.24030000e-20
1.13106000e+01	2.05172000e-20
1.36880000e+01	1.67311000e-20
1.79392000e+01	1.04801000e-20
2.70780000e+01	5.68306000e-21
3.72888000e+01	3.07094000e-21
4.98833000e+01	1.98546000e-21
6.22182000e+01	1.10738000e-21
7.22671000e+01	9.03031000e-22
1.11211000e+02	4.34494000e-22
1.81790000e+02	1.65749000e-22
4.34685000e+02	3.62721000e-23
9.79683000e+02	7.71746000e-24
1.00000000e+03	7.40701000e-24
1.25893000e+03	4.67351000e-24
1.58489000e+03	2.94878000e-24
1.99526000e+03	1.86056000e-24
2.51189000e+03	1.17393000e-24
3.16228000e+03	7.40701000e-25
3.98107000e+03	4.67351000e-25
5.01187000e+03	2.94878000e-25
6.30957000e+03	1.86056000e-25
7.94328000e+03	1.17393000e-25
1.00000000e+04	7.40701000e-26
1.25893000e+04	4.67351000e-26
1.58489000e+04	2.94878000e-26
1.99526000e+04	1.86056000e-26
2.51189000e+04	1.17393000e-26
3.16228000e+04	7.40701000e-27
3.98107000e+04	4.67351000e-27
5.01187000e+04	2.94878000e-27
6.30957000e+04	1.86056000e-27
7.94328000e+04	1.17393000e-27
1.00000000e+05	7.40701000e-28
1.25893000e+05	4.67351000e-28
1.58489000e+05	2.94878000e-28
1.99526000e+05	1.86056000e-28
2.51189000e+05	1.17393000e-28
3.16228000e+05	7.40701000e-29
3.98107000e+05	4.67351000e-29
5.01187000e+05	2.94878000e-29
6.30957000e+05	1.86056000e-29
7.94328000e+05	1.17393000e-29
-----------------------------

EXCITATION
Cu -> Cu( EX1)
3.80000000e+00
SPECIES: e / Cu
PROCESS: E + Cu -> E + Cu( EX1), Excitation
PARAM.:  E = 3.8 eV, complete set
UPDATED: 2012-09-12 13:41:14
COLUMNS: Energy (eV) | Cross section (m2)
-----------------------------
3.80000000e+00	1.00000000e-44
4.03633000e+00	1.46095000e-20
4.64970000e+00	3.60083000e-20
5.40182000e+00	7.68548000e-20
6.34425000e+00	1.46095000e-19
7.29952000e+00	2.61627000e-19
8.83615000e+00	4.05725000e-19
1.06963000e+01	4.97332000e-19
1.25624000e+01	5.11495000e-19
1.56547000e+01	5.11495000e-19
1.97216000e+01	5.11495000e-19
2.46058000e+01	4.29163000e-19
3.12994000e+01	4.05725000e-19
3.53222000e+01	3.50112000e-19
4.53678000e+01	3.11819000e-19
5.60588000e+01	2.33012000e-19
6.98578000e+01	1.54534000e-19
9.07069000e+01	9.72310000e-20
1.17778000e+02	5.90665000e-20
1.56106000e+02	3.11819000e-20
2.96658000e+02	8.39036000e-21
9.79655000e+02	7.90434000e-22
1.00000000e+03	7.58591000e-22
1.25893000e+03	4.78638000e-22
1.58489000e+03	3.02000000e-22
1.99526000e+03	1.90549000e-22
2.51189000e+03	1.20229000e-22
3.16228000e+03	7.58591000e-23
3.98107000e+03	4.78638000e-23
5.01187000e+03	3.02000000e-23
6.30957000e+03	1.90549000e-23
7.94328000e+03	1.20229000e-23
1.00000000e+04	7.58591000e-24
1.25893000e+04	4.78638000e-24
1.58489000e+04	3.02000000e-24
1.99526000e+04	1.90549000e-24
2.51189000e+04	1.20229000e-24
3.16228000e+04	7.58591000e-25
3.98107000e+04	4.78638000e-25
5.01187000e+04	3.02000000e-25
6.30957000e+04	1.90549000e-25
7.94328000e+04	1.20229000e-25
1.00000000e+05	7.58591000e-26
1.25893000e+05	4.78638000e-26
1.58489000e+05	3.02000000e-26
1.99526000e+05	1.90549000e-26
2.51189000e+05	1.20229000e-26
3.16228000e+05	7.58591000e-27
3.98107000e+05	4.78638000e-27
5.01187000e+05	3.02000000e-27
6.30957000e+05	1.90549000e-27
7.94328000e+05	1.20229000e-27
-----------------------------

EXCITATION
Cu -> Cu (EX4)
5.10000000e+00
SPECIES: e / Cu
PROCESS: E + Cu -> E + Cu (EX4), Excitation
PARAM.:  E = 5.1 eV, complete set
UPDATED: 2012-09-12 13:45:26
COLUMNS: Energy (eV) | Cross section (m2)
-----------------------------
5.10000000e+00	1.00000000e-44
6.08070000e+00	5.01305000e-23
6.91931000e+00	7.30371000e-23
8.04657000e+00	9.81417000e-23
9.16736000e+00	1.16601000e-22
1.12019000e+01	1.27317000e-22
1.32810000e+01	1.27317000e-22
1.64058000e+01	1.27317000e-22
1.96395000e+01	1.27317000e-22
2.44959000e+01	1.20351000e-22
3.14514000e+01	1.03823000e-22
3.96093000e+01	9.50837000e-23
4.98833000e+01	8.23149000e-23
7.67644000e+01	6.32290000e-23
1.50216000e+02	4.20462000e-23
2.63364000e+02	2.78619000e-23
3.52316000e+02	2.20900000e-23
5.05502000e+02	1.85277000e-23
6.49823000e+02	1.34530000e-23
8.09530000e+02	1.19787000e-23
1.00000000e+03	1.00470000e-23
1.25893000e+03	8.70034000e-24
1.58489000e+03	7.53419000e-24
1.99526000e+03	6.52434000e-24
2.51189000e+03	5.64984000e-24
3.16228000e+03	4.89256000e-24
3.98107000e+03	4.23678000e-24
5.01187000e+03	3.66890000e-24
6.30957000e+03	3.17714000e-24
7.94328000e+03	2.75129000e-24
1.00000000e+04	2.38252000e-24
1.25893000e+04	2.06318000e-24
1.58489000e+04	1.78664000e-24
1.99526000e+04	1.54716000e-24
2.51189000e+04	1.33979000e-24
3.16228000e+04	1.16021000e-24
3.98107000e+04	1.00470000e-24
5.01187000e+04	8.70034000e-25
6.30957000e+04	7.53419000e-25
7.94328000e+04	6.52434000e-25
1.00000000e+05	5.64984000e-25
1.25893000e+05	4.89256000e-25
1.58489000e+05	4.23678000e-25
1.99526000e+05	3.66890000e-25
2.51189000e+05	3.17714000e-25
3.16228000e+05	5.64984000e-25
3.98107000e+05	5.03543000e-25
5.01187000e+05	4.48783000e-25
6.30957000e+05	3.99978000e-25
7.94328000e+05	3.56481000e-25
-----------------------------

IONIZATION
Cu -> Cu^+
7.72400000e+00
SPECIES: e / Cu
PROCESS: E + Cu -> E + E + Cu+, Ionization
PARAM.:  E = 7.724 eV, complete set
UPDATED: 2013-09-12 14:02:22
COLUMNS: Energy (eV) | Cross section (m2)
-----------------------------
7.72400000e+00	1.00000000e-44
8.15840000e+00	7.26575000e-21
9.10733000e+00	9.72310000e-21
1.04786000e+01	1.30116000e-20
1.21883000e+01	1.64036000e-20
1.56547000e+01	2.25766000e-20
2.03268000e+01	2.77714000e-20
2.66499000e+01	3.20699000e-20
3.53222000e+01	3.20699000e-20
4.27580000e+01	3.11819000e-20
5.32830000e+01	2.85623000e-20
6.13059000e+01	2.77714000e-20
7.13086000e+01	2.93757000e-20
8.37496000e+01	2.85623000e-20
1.04365000e+02	2.69078000e-20
1.30212000e+02	2.46472000e-20
1.60702000e+02	2.25766000e-20
2.21668000e+02	2.01073000e-20
2.85054000e+02	1.74122000e-20
3.41326000e+02	1.54534000e-20
4.43196000e+02	1.37632000e-20
5.63760000e+02	1.19184000e-20
6.42402000e+02	1.12281000e-20
1.00000000e+03	6.65535000e-21
1.33352000e+03	5.19876000e-21
1.77828000e+03	4.05446000e-21
2.37137000e+03	3.15735000e-21
3.16228000e+03	2.45537000e-21
4.21697000e+03	1.90703000e-21
5.62341000e+03	1.47938000e-21
7.49894000e+03	1.14636000e-21
1.00000000e+04	8.87380000e-22
1.33352000e+04	6.86236000e-22
1.77828000e+04	5.30199000e-22
2.37137000e+04	4.09287000e-22
3.16228000e+04	3.15691000e-22
4.21697000e+04	2.43311000e-22
5.62341000e+04	1.87389000e-22
7.49894000e+04	1.44220000e-22
1.00000000e+05	1.10923000e-22
1.33352000e+05	8.52597000e-23
1.77828000e+05	6.54951000e-23
2.37137000e+05	5.02838000e-23
3.16228000e+05	3.85844000e-23
4.21697000e+05	2.95919000e-23
5.62341000e+05	2.26839000e-23
7.49894000e+05	1.73803000e-23
1.00000000e+06	1.33107000e-23
-----------------------------

